4294967279,264
4294967279,539
4294967278,358
4294967278,252
4294967278,249
4294967278,60
4294967278,59
4294967278,58
4294967278,57
4294967278,56
4294967278,55
4294967278,54
4294967278,53
4294967278,52
4294967278,51
4294967278,49
4294967278,48
4294967278,137
4294967279,174
4294967279,84
4294967279,82
4294967279,81
4294967279,79
4294967279,78
4294967279,77
4294967279,76
4294967279,75
4294967279,73
4294967279,72
4294967279,70
4294967279,69
4294967279,67
4294967279,65
4294967279,62
4294967279,61
4294967279,60
4294967279,59
4294967279,58
4294967279,57
4294967279,55
4294967279,52
4294967279,51
4294967279,48
4294967279,46
4294967279,45
4294967279,43
4294967279,42
4294967279,41
4294967279,40
4294967279,39
4294967279,38
4294967279,36
4294967279,301
4294967279,35
4294967279,34
4294967279,32
4294967279,31
4294967279,29
4294967279,28
4294967279,26
4294967279,25
4294967279,23
4294967279,20
4294967279,18
4294967279,13
4294967279,10
4294967279,294
4294967278,403
4294967279,275
4294967279,258
4294967278,285
4294967279,254
4294967279,253
4294967278,258
4294967279,528
4294967278,257
4294967278,337
4294967278,335
4294967279,522
4294967278,359
4294967278,357
4294967278,334
4294967279,551
4294967278,331
4294967278,253
4294967278,385
4294967279,326
4294967278,393
4294967279,241
4294967278,242
164,7
4294967279,240
4294967278,372
4294967278,174
4294967279,234
4294967279,230
4294967278,229
164,6
164,5
4294967279,225
164,4
164,3
164,2
164,1
4294967278,221
4294967279,215
4294967294,395
4294967294,396
4294967294,399
4294967294,1415
4294967294,179
4294967294,148
4294967294,406
4294967294,164
4294967294,408
4294967294,184
4294967294,391
4294967294,461
4294967279,547
4294967279,213
4294967279,211
4294967278,208
4294967278,329
4294967278,207
4294967279,207
4294967279,567
4294967278,205
4294967294,480
4294967279,202
4294967279,0
4294967279,201
4294967278,200
4294967278,351
4294967278,326
4294967279,319
4294967278,196
161,6
161,5
161,4
161,3
161,2
161,1
4294967278,194
4294967279,315
4294967294,114
4294967278,402
4294967278,190
4294967278,189
4294967279,536
4294967278,368
4294967278,177
4294967279,574
4294967279,573
158,6
4294967278,170
158,5
158,4
158,3
158,2
158,1
4294967278,347
4294967278,314
4294967279,562
4294967278,365
4294967279,531
4294967279,163
4294967278,298
4294967279,159
4294967279,304
4294967278,155
4294967294,437
4294967294,198
4294967294,1007
4294967294,170
4294967294,176
4294967294,389
4294967278,344
4294967279,303
4294967279,280
155,5
4294967278,150
155,4
155,3
155,2
155,1
4294967279,148
154,5
4294967279,143
154,4
154,3
154,2
154,1
4294967278,142
4294967278,141
4294967279,299
153,6
4294967278,346
153,5
153,4
153,3
153,2
153,1
4294967278,133
4294967294,409
4294967294,414
4294967294,415
4294967294,458
4294967279,269
4294967279,17
4294967279,282
4294967278,275
4294967279,266
4294967279,298
152,5
4294967279,277
152,4
4294967278,269
152,3
152,2
152,1
4294967279,263
4294967278,265
4294967279,262
4294967279,273
4294967279,261
151,6
4294967294,468
4294967278,339
4294967278,264
151,5
4294967278,262
4294967279,255
151,4
4294967278,261
151,3
151,2
151,1
4294967294,392
4294967294,115
4294967278,278
4294967279,525
150,4
4294967279,524
4294967294,1
150,3
150,2
150,1
4294967279,553
0,7
4294967279,523
4294967278,336
4294967294,388
4294967294,387
4294967279,252
4294967279,520
4294967294,393
4294967294,390
4294967294,120
4294967294,89
4294967278,388
4294967279,517
4294967278,251
4294967294,2
4294967279,549
4294967294,1417
4294967294,479
4294967279,246
4294967279,245
4294967294,17
4294967294,99
4294967294,76
4294967294,478
4294967294,68
4294967294,11
4294967278,132
4294967278,131
4294967278,130
4294967278,129
4294967278,128
4294967278,127
4294967278,126
4294967278,125
4294967278,124
4294967278,123
4294967278,122
4294967278,121
4294967278,120
4294967278,119
4294967278,117
4294967278,114
4294967278,112
4294967278,111
4294967278,110
4294967278,109
4294967278,108
4294967278,107
4294967278,106
4294967278,105
4294967278,103
4294967278,100
4294967278,98
4294967278,97
4294967278,96
4294967278,95
4294967278,94
4294967278,89
4294967278,86
4294967278,84
4294967278,83
4294967278,81
4294967278,80
4294967278,79
4294967278,78
4294967278,74
4294967278,72
4294967278,71
4294967278,70
4294967278,69
4294967278,68
4294967278,67
4294967278,64
4294967278,62
4294967278,61
4294967278,279
4294967278,373
4294967278,259
4294967279,83
4294967279,80
4294967279,71
4294967279,64
4294967279,56
4294967279,54
4294967279,50
4294967279,49
4294967279,47
4294967279,44
4294967279,33
4294967279,27
4294967279,24
4294967279,19
4294967279,15
4294967279,14
4294967279,12
4294967279,325
4294967279,281
4294967278,118
4294967279,244
4294967294,436
4294967294,424
4294967294,128
4294967294,186
4294967294,0
4294967294,82
4294967279,242
4294967294,28
4294967278,401
4294967278,0
4294967278,116
4294967294,46
4294967278,115
4294967279,548
4294967278,237
4294967279,236
4294967278,113
4294967278,236
4294967279,235
4294967279,233
4294967279,231
4294967279,229
149,5
149,4
4294967279,227
149,3
149,2
149,1
4294967294,41
4294967278,104
4294967294,107
4294967294,42
4294967278,219
4294967294,419
4294967294,91
4294967294,90
4294967294,87
4294967294,86
4294967294,85
4294967294,84
4294967279,217
4294967278,93
4294967294,150
4294967294,149
4294967294,29
4294967294,129
4294967294,146
4294967294,26
4294967294,53
4294967294,45
4294967294,427
4294967294,44
4294967294,96
4294967294,94
4294967294,9
4294967294,8
4294967278,102
4294967294,6
4294967294,22
4294967278,101
4294967279,515
4294967278,212
4294967279,212
4294967278,99
4294967279,546
147,6
147,5
147,4
147,2
147,1
4294967278,327
4294967294,93
4294967294,95
4294967294,67
4294967294,1416
4294967294,43
4294967278,92
4294967278,354
4294967278,82
4294967294,81
4294967294,50
4294967294,417
4294967294,51
4294967294,52
4294967279,334
4294967278,91
4294967294,25
4294967278,90
4294967294,1015
4294967294,27
4294967294,92
4294967294,88
4294967294,202
4294967278,87
